left=7.020
right=26.997
top=3.984
bottom=27.194
vx=(16.178,0.848)
vy=(-1.879,16.493)
corners=[[98.21299743652344, 62.12699890136719], [439.1919860839844, 79.99700164794922], [393.510009765625, 480.94500732421875], [52.53099822998047, 463.07501220703125]]
corners_expanded=[[89.63400268554688, 51.722999572753906], [450.0260009765625, 70.61000061035156], [402.0889892578125, 491.3489990234375], [41.696998596191406, 472.4620056152344]]