origin=(46.805,17.717)
vx=(16.178,0.848)
vy=(-1.879,16.493)
score=418.662
corners=[[39.654998779296875, 9.04699993133545], [363.21099853515625, 26.003999710083008], [325.62799072265625, 355.8689880371094], [2.072000026702881, 338.9129943847656]]
output_path=d:\DATAGUESS\datamatrix_v2\artifacts\yenitest_perspective\yenitest_perspective_corrected.png